-0.979746 0.0493662 -0.194062 0.301273 
0.100523 0.959424 -0.26344 0.191279 
0.173182 -0.277612 -0.944955 0.58937 
0 0 0 1 
-0.999177 0.0278335 0.0295081 -0.111409 
0.0115708 0.892791 -0.450322 0.32728 
-0.0388786 -0.44961 -0.892379 0.541557 
0 0 0 1 
-0.953844 0.256866 -0.155568 0.149119 
0.299874 0.842362 -0.447774 0.414119 
0.0160265 -0.473757 -0.880509 0.681549 
0 0 0 1 
-0.863074 0.158602 -0.47953 0.458518 
0.313868 0.912262 -0.263183 0.307736 
0.395716 -0.377655 -0.83713 0.884866 
0 0 0 1 
-0.902946 0.156054 -0.40042 0.263744 
0.303992 0.890533 -0.338437 0.439109 
0.303773 -0.427315 -0.851542 0.959246 
0 0 0 1 
-0.924334 0.174413 -0.339392 0.172136 
0.263236 0.935359 -0.236243 0.418682 
0.27625 -0.307708 -0.910495 0.907879 
0 0 0 1 
-0.763605 0.406899 -0.501339 0.595173 
0.49507 0.867411 -0.0500441 0.107326 
0.414504 -0.286412 -0.863803 0.850621 
0 0 0 1 
-0.848718 0.410273 -0.333696 0.300397 
0.408812 0.909266 0.0781584 -0.0518337 
0.335485 -0.0700844 -0.939435 1.03359 
0 0 0 1 
-0.903024 0.227118 -0.364642 0.396466 
0.296472 0.943757 -0.146382 0.134369 
0.310887 -0.240293 -0.91957 0.873581 
0 0 0 1 
-0.921685 0.057589 -0.383642 0.446327 
0.121816 0.981864 -0.14527 0.110197 
0.368318 -0.180627 -0.911985 0.762458 
0 0 0 1 
-0.912613 -0.247171 -0.325644 0.369591 
-0.156894 0.947293 -0.279322 0.199409 
0.377521 -0.203821 -0.903291 0.607915 
0 0 0 1 
-0.990227 -0.113571 0.0809418 -0.132675 
-0.122508 0.985703 -0.115681 0.119451 
-0.0666465 -0.124467 -0.989983 0.611185 
0 0 0 1 
-0.985835 0.166212 0.022443 -0.0498866 
0.154128 0.950561 -0.269588 0.269184 
-0.0661422 -0.26231 -0.962714 0.740988 
0 0 0 1 
-0.950736 0.215821 -0.222534 0.152186 
0.272034 0.925064 -0.265055 0.334566 
0.148654 -0.312534 -0.938203 0.925249 
0 0 0 1 
-0.968532 0.216858 -0.122139 0.136478 
0.241737 0.936433 -0.254277 0.246158 
0.0592328 -0.275801 -0.959388 0.722048 
0 0 0 1 
-0.821916 0.54244 -0.173819 0.219608 
0.569606 0.783661 -0.247837 0.185702 
0.00177823 -0.30271 -0.953081 0.737581 
0 0 0 1 
-0.969194 -0.241791 0.0469133 -0.0904494 
-0.235405 0.853337 -0.465189 0.338152 
0.0724456 -0.461902 -0.883967 0.675204 
0 0 0 1 
-0.975653 0.0861162 -0.201708 0.143488 
0.139509 0.953322 -0.267794 0.278203 
0.169231 -0.289414 -0.942125 0.886557 
0 0 0 1 
-0.917304 0.255773 -0.305176 0.326865 
0.30676 0.942579 -0.132074 0.268368 
0.253872 -0.214768 -0.943093 1.18602 
0 0 0 1 
-0.933205 0.294727 -0.205583 0.40738 
0.336813 0.916798 -0.214565 0.322644 
0.12524 -0.269476 -0.954829 1.08813 
0 0 0 1 
-0.956947 0.204283 -0.206205 0.230181 
0.243979 0.950954 -0.190157 0.337455 
0.157246 -0.23228 -0.959854 1.19655 
0 0 0 1 
