每幅图像的标定误差：
第1幅图像的平均误差：0.068106像素
第2幅图像的平均误差：0.0729284像素
第3幅图像的平均误差：0.0848338像素
第4幅图像的平均误差：0.0957191像素
第5幅图像的平均误差：0.0823168像素
第6幅图像的平均误差：0.0807573像素
第7幅图像的平均误差：0.112257像素
第8幅图像的平均误差：0.110348像素
第9幅图像的平均误差：0.0921202像素
第10幅图像的平均误差：0.0717955像素
第11幅图像的平均误差：0.0619131像素
第12幅图像的平均误差：0.0696052像素
第13幅图像的平均误差：0.0576448像素
第14幅图像的平均误差：0.0640351像素
第15幅图像的平均误差：0.0523585像素
第16幅图像的平均误差：0.07742像素
第17幅图像的平均误差：0.0694059像素
第18幅图像的平均误差：0.0594946像素
第19幅图像的平均误差：0.0915464像素
第20幅图像的平均误差：0.070842像素
第21幅图像的平均误差：0.0850905像素
总体平均误差：0.0776446像素

相机内参数矩阵：
[1933.037839984974, 0, 983.8643660960072;
 0, 1949.554793781403, 495.4767992148006;
 0, 0, 1]

畸变系数：
[0.04012892375375712, -0.007314429288468308, -0.01186231085084112, -0.003724066345932373, 0.3225867897472355]


第1幅图像的旋转向量：
[18.40652652225063;
 6.13392349335727;
 63.93121287588243]
第1幅图像的旋转矩阵：
[-0.5430134825534059, 0.7528189507251932, 0.372021484855702;
 -0.6683485830129678, -0.6556770249739831, 0.3512802449694902;
 0.5083763658450108, -0.0578901230805921, 0.8591869437438714]
第1幅图像的平移向量：
[2.064046298932915;
 -2.229912192493317;
 0.5008824810285711]

第2幅图像的旋转向量：
[-9.271939626651186;
 4.372641050409358;
 58.87497662485895]
第2幅图像的旋转矩阵：
[-0.9494302363166921, 0.04674786313750749, -0.3104784431481633;
 -0.09210040415566352, -0.9868198783506066, 0.1330565415395181;
 -0.3001661905045167, 0.1549230937729135, 0.9412221273928036]
第2幅图像的平移向量：
[1.925578604008733;
 -1.968383566646891;
 0.4264696598466299]

第3幅图像的旋转向量：
[3.71827582291137;
 2.00669157458388;
 76.37356992211605]
第3幅图像的旋转矩阵：
[0.4618683397637269, -0.8855679740346614, 0.04946716171404661;
 0.886943772660391, 0.4609649525393608, -0.02901821271783284;
 0.002894971994865696, 0.05727718476435428, 0.9983541171561414]
第3幅图像的平移向量：
[1.663265297597633;
 -2.257302203868385;
 0.5781110788147246]

第4幅图像的旋转向量：
[-1.960000451793062;
 7.209943967499479;
 101.7396412944357]
第4幅图像的旋转矩阵：
[0.08835971426893573, -0.9946814991311098, 0.05292708362077292;
 0.9922047298122582, 0.0925785132908524, 0.08342057908597562;
 -0.08787681737805531, 0.04514348417151383, 0.9951078990764572]
第4幅图像的平移向量：
[-1.790676474380173;
 2.32890800157056;
 -0.8526986193083457]

第5幅图像的旋转向量：
[-15.61527813668873;
 6.686325174235804;
 103.7314990221416]
第5幅图像的旋转矩阵：
[-0.1049320355893025, 0.9678215418001428, -0.2287153933050411;
 -0.9891756179837627, -0.1252954310719374, -0.07637179936952028;
 -0.1025712664128032, 0.2182258421454519, 0.9704929763405721]
第5幅图像的平移向量：
[-1.866417758437412;
 2.406924335438358;
 -0.8545501508506942]

第6幅图像的旋转向量：
[-17.52841917075452;
 -4.852476341400706;
 95.96049024627548]
第6幅图像的旋转矩阵：
[-0.8980272540025869, 0.2885321574743309, -0.3321087851469471;
 -0.2535582144253552, -0.9563537863535883, -0.1452434756695829;
 -0.3595209075505885, -0.04622368906051325, 0.9319914632675764]
第6幅图像的平移向量：
[-1.892425298717979;
 2.389440791460619;
 -0.656197250734922]

第7幅图像的旋转向量：
[9.848082905119178;
 -0.4910439260655552;
 103.3426408393651]
第7幅图像的旋转矩阵：
[-0.972385107572305, 0.1374501929144001, 0.1886124254639415;
 -0.139236371316621, -0.990251838630729, 0.003811691362192978;
 0.1872977188173329, -0.02255527779156742, 0.9820442067287847]
第7幅图像的平移向量：
[-1.441253100375912;
 2.446542574320335;
 -0.6933441288490731]

第8幅图像的旋转向量：
[-2.940652633044188;
 8.756452046964121;
 108.3442751729042]
第8幅图像的旋转矩阵：
[-0.3441430235567882, -0.9380929310529481, 0.03933487060714327;
 0.9322341419434462, -0.3364038646153921, 0.1333114566224361;
 -0.1118261325994896, 0.08254751710571147, 0.9902933017482871]
第8幅图像的平移向量：
[-1.54909820436355;
 2.432034425233445;
 -0.3536625544001169]

第9幅图像的旋转向量：
[7.62715813801417;
 8.754888610287152;
 95.28893043727443]
第9幅图像的旋转矩阵：
[-0.1668756328552138, -0.9689550116908687, 0.1824245281707491;
 0.9859739457461398, -0.1645213292886299, 0.02807330616244855;
 0.002810955168666057, 0.1845505825735881, 0.9828189970705637]
第9幅图像的平移向量：
[-1.795287158368148;
 2.373573535141182;
 -0.5820330786363042]

第10幅图像的旋转向量：
[12.95969671645522;
 10.21239065105101;
 86.79133496947738]
第10幅图像的旋转矩阵：
[0.9297570834223932, -0.3642872930649657, 0.0533529187325769;
 0.3667219084582702, 0.9291715518567939, -0.04642487562461987;
 -0.03266202202266742, 0.06272954113842351, 0.997495963393313]
第10幅图像的平移向量：
[-1.973726456639865;
 2.170005715815207;
 -0.5824584552964635]

第11幅图像的旋转向量：
[12.3519938745875;
 12.12088996723604;
 69.68303129700796]
第11幅图像的旋转矩阵：
[-0.8413023515028069, -0.3729881006582917, 0.3912674662212124;
 0.4831997132547085, -0.8433840518857183, 0.2349922937787442;
 0.2423394117068355, 0.3867598968250821, 0.8897687293569247]
第11幅图像的平移向量：
[-2.327113698293368;
 1.876254078753719;
 -0.6619467020590467]

第12幅图像的旋转向量：
[-8.81602351985366;
 4.194944819893596;
 61.78849954396788]
第12幅图像的旋转矩阵：
[0.9626991283531383, 0.2695410896326806, -0.02362179645443994;
 -0.2702604317125172, 0.9621143928508027, -0.03598880548024888;
 0.01302640851008385, 0.04103042857390839, 0.9990729786218672]
第12幅图像的平移向量：
[2.244229432920293;
 -1.992665326245958;
 0.04868776082804305]

第13幅图像的旋转向量：
[-2.606665875582696;
 4.201074283583402;
 75.98914665045669]
第13幅图像的旋转矩阵：
[0.7309197287924962, -0.6818694748880685, 0.0284669857514533;
 0.6808519874197543, 0.7314239903872628, 0.03820363219046367;
 -0.0468713269331537, -0.008541984654815179, 0.9988644118245891]
第13幅图像的平移向量：
[1.88161587534069;
 -2.219468353133049;
 0.228357100154842]

第14幅图像的旋转向量：
[-5.649409842344377;
 3.950800470832011;
 96.46137797316877]
第14幅图像的旋转矩阵：
[-0.77027200068943, -0.6329575719420907, -0.07775446659244581;
 0.6244789878474145, -0.7733692732172932, 0.109206048277669;
 -0.1292557104772222, 0.03556233069596039, 0.9909734012295688]
第14幅图像的平移向量：
[1.848070291562514;
 -2.391699858736865;
 0.5171776647912354]

第15幅图像的旋转向量：
[5.423458020467312;
 3.280660480625667;
 74.59482882893279]
第15幅图像的旋转矩阵：
[0.861214807542388, 0.508093359072629, -0.01225535540162007;
 -0.5072075216039614, 0.8607505142447834, 0.04300095645108312;
 0.03239730387076371, -0.03081705199452672, 0.9989998618659924]
第15幅图像的平移向量：
[1.849660035398362;
 -2.347863760508111;
 0.3785266039859213]

第16幅图像的旋转向量：
[13.04811281991699;
 3.710833903210117;
 76.23273683276418]
第16幅图像的旋转矩阵：
[-0.4040714063304027, -0.8699561449615234, 0.282670487369756;
 0.8932975790317677, -0.4417891211698786, -0.08271522055782229;
 0.196839360601871, 0.2190860065354042, 0.955644069650524]
第16幅图像的平移向量：
[1.380290377726679;
 -2.636266958503909;
 0.4065236660575761]

第17幅图像的旋转向量：
[-8.034467525246846;
 8.687516231026796;
 71.14097000944186]
第17幅图像的旋转矩阵：
[-0.9657564335783818, -0.1626389185523316, -0.2021462173133415;
 0.1092139536608722, -0.9615772168715687, 0.2518760971574894;
 -0.2353440530961543, 0.221173773684079, 0.946411822890341]
第17幅图像的平移向量：
[2.18628648101917;
 -1.688130451045859;
 0.4956202432741981]

第18幅图像的旋转向量：
[-3.463948482594783;
 7.440613028289535;
 91.17719759040408]
第18幅图像的旋转矩阵：
[-0.9021669530271182, 0.4180640451159506, -0.1063825316819151;
 -0.4297807009430304, -0.8923104990490358, 0.1380960621588391;
 -0.03719325157448148, 0.170306862657231, 0.9846889024301878]
第18幅图像的平移向量：
[2.014197619053004;
 -2.265464013658491;
 0.5084385650194754]

第19幅图像的旋转向量：
[-5.281994977461541;
 1.254742649201576;
 124.1242381077088]
第19幅图像的旋转矩阵：
[0.1509742256160928, 0.9874616492894208, -0.04611154283081231;
 -0.9881920243674387, 0.1495236739547368, -0.03345435552601563;
 -0.02614012578784979, 0.05061780427571193, 0.9983759470831122]
第19幅图像的平移向量：
[-1.801985530355927;
 2.426662605195065;
 -0.4940361178055475]

第20幅图像的旋转向量：
[16.9157997155613;
 -3.080706691495527;
 117.153213072576]
第20幅图像的旋转矩阵：
[0.5723236648424981, 0.8157956712148401, 0.0832048405345531;
 -0.8190411552908613, 0.5637089122222112, 0.1067888019460033;
 0.04021453221241292, -0.1292659472110886, 0.9907941795804802]
第20幅图像的平移向量：
[1.775608154601504;
 -2.481898603901052;
 0.4486839328744016]

第21幅图像的旋转向量：
[-2.545883967825604;
 0.5231313189781739;
 123.9652721997828]
第21幅图像的旋转矩阵：
[-0.09976190341407259, 0.9946508017495884, -0.02678330088138212;
 -0.9948414225039063, -0.1002061587889578, -0.01578828081732525;
 -0.01838767787421242, 0.02507006820221205, 0.9995165756418104]
第21幅图像的平移向量：
[1.917727878345386;
 -2.422238545939353;
 0.4256763392591931]


