每幅图像的标定误差：
第1幅图像的平均误差：0.100631像素
第2幅图像的平均误差：0.156347像素
第3幅图像的平均误差：0.21299像素
第4幅图像的平均误差：0.109784像素
第5幅图像的平均误差：0.155066像素
第6幅图像的平均误差：0.0779696像素
第7幅图像的平均误差：0.157552像素
第8幅图像的平均误差：0.207745像素
第9幅图像的平均误差：0.203423像素
第10幅图像的平均误差：0.223224像素
第11幅图像的平均误差：0.0947674像素
第12幅图像的平均误差：0.123044像素
第13幅图像的平均误差：0.183359像素
第14幅图像的平均误差：0.158169像素
总体平均误差：0.154576像素

相机内参数矩阵：
[1488.908016986866, 0, 730.8401584004299;
 0, 1491.706043620342, 395.8201021249665;
 0, 0, 1]

畸变系数：
[0.06436466942856649, 2.278023969318523, -0.001977992545148482, 0.02062076968623675, -22.37558503908759]


第1幅图像的旋转向量：
[-8.421326265586494;
 -5.375646697438215;
 48.52610241616536]
第1幅图像的旋转矩阵：
[0.7579682298700697, 0.6515929297839484, 0.0301797343130062;
 -0.6423997533235555, 0.7537015268778964, -0.1387680269794266;
 -0.1131667770923446, 0.08579430189411244, 0.9898649495385891]
第1幅图像的平移向量：
[-2.246821628642405;
 -2.166553592388141;
 0.06564899594683014]

第2幅图像的旋转向量：
[-4.45752797044016;
 -4.460595353433908;
 52.46012161337215]
第2幅图像的旋转矩阵：
[-0.8291687120936546, -0.5220664470995526, -0.1998145933053944;
 0.5483076359284722, -0.829150660810229, -0.1089399745754083;
 -0.1088024966049959, -0.1998894856934966, 0.9737588049623527]
第2幅图像的平移向量：
[1.941302506340541;
 2.141177678637233;
 -0.4366748729109344]

第3幅图像的旋转向量：
[-7.038151042157873;
 -5.201829720789762;
 47.31222940052232]
第3幅图像的旋转矩阵：
[-0.5147419512298056, 0.8470918266422197, -0.1321974314428242;
 -0.7981344508290643, -0.5297700082035304, -0.2869235731128058;
 -0.3130848479947897, -0.04218027553228211, 0.9487880175845924]
第3幅图像的平移向量：
[1.998762768395854;
 1.862201668215032;
 0.7282024646113134]

第4幅图像的旋转向量：
[-7.679769683062269;
 -2.412756535771959;
 50.31563202712076]
第4幅图像的旋转矩阵：
[0.7764306408934472, -0.6269254858020793, -0.06418640925941979;
 0.630190616903357, 0.7717471118214319, 0.085241901446676;
 -0.003904644511004682, -0.1066340970192238, 0.9942906632892303]
第4幅图像的平移向量：
[2.087712030767115;
 2.034148922806107;
 -0.06578684744400434]

第5幅图像的旋转向量：
[-5.520292823856095;
 -6.973594241394714;
 47.86938914546349]
第5幅图像的旋转矩阵：
[0.006880472652139282, 0.9994932380230095, 0.03107935395664971;
 -0.9668183476287548, 0.01458628851675806, -0.255048079537388;
 -0.2553721632921002, -0.02829323830149959, 0.9664287614107554]
第5幅图像的平移向量：
[2.098079666871453;
 2.204652148079616;
 0.1507711085485653]

第6幅图像的旋转向量：
[-13.52749241271093;
 -4.603533510305643;
 50.8247366916094]
第6幅图像的旋转矩阵：
[-0.6992123202933506, -0.5122864999607056, -0.4986628852320961;
 0.5935484998933115, -0.8047794815554519, -0.005492207364763885;
 -0.3985000745600789, -0.29982082653703, 0.8667786121901392]
第6幅图像的平移向量：
[2.205201633426195;
 2.078312261169337;
 0.1032587125610138]

第7幅图像的旋转向量：
[-9.591121086916582;
 -3.219556348539058;
 42.40978310064326]
第7幅图像的旋转矩阵：
[0.9312418105197873, 0.3642009269580744, 0.01209855953028965;
 -0.3618535004192336, 0.9281392889733379, -0.08728977316051779;
 -0.04302016473906525, 0.07690998028179634, 0.996109492153788]
第7幅图像的平移向量：
[2.349837802100139;
 1.685257982589554;
 0.2807043700172236]

第8幅图像的旋转向量：
[-4.824819951538971;
 -3.420325827774329;
 56.51732031038529]
第8幅图像的旋转矩阵：
[0.9620868815086061, -0.2720308173347559, -0.01969941240824152;
 0.2724211341791856, 0.9619499331055779, 0.02095356415267742;
 0.01324983326579804, -0.02552568546305661, 0.9995863550989827]
第8幅图像的平移向量：
[1.825959261355207;
 1.639868073430099;
 -0.3319000680254778]

第9幅图像的旋转向量：
[-10.29749571206461;
 -3.120932343601417;
 41.21339097087877]
第9幅图像的旋转矩阵：
[0.2301235937456356, 0.96583096889299, -0.1192211018604576;
 -0.9368637398114281, 0.1867246509255495, -0.2956691356284523;
 -0.2633048891079276, 0.1797343714039128, 0.9478217612546687]
第9幅图像的平移向量：
[-2.102162739539416;
 -1.817490374635059;
 -0.5902756077920482]

第10幅图像的旋转向量：
[-8.855918045374569;
 -3.871829467866801;
 45.31632584541135]
第10幅图像的旋转矩阵：
[-0.6427743748479956, -0.6663188724624375, -0.3779686008640859;
 0.7207803610812292, -0.6931530805873313, -0.003804990394959129;
 -0.259454763144525, -0.2748780949306052, 0.9258105955371977]
第10幅图像的平移向量：
[1.851639769482609;
 1.584481325531252;
 -0.05030462342879417]

第11幅图像的旋转向量：
[-8.096054696968016;
 -4.149843892913451;
 46.02955695409851]
第11幅图像的旋转矩阵：
[-0.9203581272587925, -0.1684206162868622, -0.3529524239869189;
 0.2288332960048504, -0.9638055331161949, -0.1367999158412163;
 -0.3171375730313971, -0.2066721808666103, 0.9255865002405743]
第11幅图像的平移向量：
[2.16738397124839;
 2.222903234878567;
 0.04870578801676764]

第12幅图像的旋转向量：
[-8.141174500921414;
 -5.488451051530896;
 53.44605211359969]
第12幅图像的旋转矩阵：
[-0.5593378487720139, 0.8145316769967774, -0.1538808568338288;
 -0.7662569386111107, -0.5788690509334289, -0.2788564611081477;
 -0.3162142864600275, -0.03806269880406385, 0.9479239188871262]
第12幅图像的平移向量：
[-2.109748161254016;
 -2.283453546059996;
 0.3576551541570953]

第13幅图像的旋转向量：
[-6.72222638109683;
 -2.610212317449663;
 54.65035771116955]
第13幅图像的旋转矩阵：
[0.1583833889562725, 0.9857632512795952, -0.05644036259103594;
 -0.9758968754283256, 0.1475942092104522, -0.1607521008782533;
 -0.1501332429275973, 0.08054043601957211, 0.985379747880897]
第13幅图像的平移向量：
[1.844203175925209;
 1.993375718549847;
 -0.6650971350987708]

第14幅图像的旋转向量：
[-9.224085175188417;
 -2.317163805259774;
 53.28786547684102]
第14幅图像的旋转矩阵：
[-0.6991037723229391, 0.6640042769535989, -0.2652399587376766;
 -0.6384741554334615, -0.7467117975949613, -0.1864731728051773;
 -0.3218767906627691, 0.03898476009711746, 0.945978604468836]
第14幅图像的平移向量：
[2.011399416548957;
 1.71078987808699;
 0.2649246633897009]


