-0.980136 0.0498677 -0.191955 0.299947 
-0.100506 -0.959277 0.263983 -0.0916325 
-0.170974 0.278032 0.945234 -0.589795 
0 0 0 1 
-0.999097 0.0290875 0.0309819 -0.112214 
-0.0120163 -0.892657 0.450576 -0.227358 
0.0407624 0.449797 0.8922 -0.540858 
0 0 0 1 
-0.953905 0.25814 -0.153065 0.147116 
-0.299794 -0.842983 0.446657 -0.313118 
-0.0137315 0.471956 0.881515 -0.681977 
0 0 0 1 
-0.864271 0.160037 -0.47689 0.455846 
-0.313476 -0.912796 0.261795 -0.206403 
-0.393406 0.375756 0.839071 -0.886937 
0 0 0 1 
-0.903653 0.15721 -0.398366 0.261416 
-0.303383 -0.891526 0.336364 -0.33678 
-0.302274 0.424813 0.853325 -0.960528 
0 0 0 1 
-0.925255 0.175377 -0.336373 0.168986 
-0.263702 -0.934786 0.237985 -0.320053 
-0.272699 0.308899 0.911162 -0.90667 
0 0 0 1 
-0.764848 0.40738 -0.499048 0.592844 
-0.494661 -0.867656 0.0498454 -0.00713526 
-0.412696 0.284984 0.865139 -0.851872 
0 0 0 1 
-0.8503 0.410291 -0.329622 0.296005 
-0.410339 -0.90901 -0.0729528 0.146171 
-0.329562 0.0732251 0.94129 -1.03569 
0 0 0 1 
-0.903618 0.227344 -0.363028 0.394797 
-0.295732 -0.944234 0.144789 -0.0328154 
-0.309867 0.238193 0.92046 -0.874 
0 0 0 1 
-0.923188 0.0585652 -0.379861 0.443417 
-0.121251 -0.982232 0.143245 -0.00854383 
-0.364722 0.178301 0.913885 -0.764743 
0 0 0 1 
-0.913407 -0.246716 -0.323758 0.368197 
0.156908 -0.947322 0.279215 -0.0992901 
-0.37559 0.204237 0.904002 -0.608337 
0 0 0 1 
-0.99018 -0.113218 0.08201 -0.133369 
0.122354 -0.985612 0.116616 -0.0200544 
0.0676271 0.125505 0.989785 -0.610917 
0 0 0 1 
-0.985654 0.166866 0.0253224 -0.0520738 
-0.154136 -0.95109 0.267712 -0.16762 
0.0687558 0.259968 0.963166 -0.740727 
0 0 0 1 
-0.950974 0.216316 -0.221034 0.150716 
-0.271371 -0.926446 0.260874 -0.23045 
-0.148345 0.308067 0.939728 -0.926713 
0 0 0 1 
-0.968913 0.217799 -0.117355 0.132832 
-0.241235 -0.936965 0.252788 -0.144982 
-0.0549009 0.27324 0.960378 -0.72244 
0 0 0 1 
-0.821924 0.54317 -0.171482 0.217774 
-0.569596 -0.784014 0.246742 -0.0848651 
-0.000421786 0.300479 0.953788 -0.738121 
0 0 0 1 
-0.969345 -0.240689 0.0493827 -0.0923154 
0.235629 -0.853672 0.464461 -0.237481 
-0.0696337 0.461859 0.884216 -0.674832 
0 0 0 1 
-0.976402 0.0876637 -0.197366 0.139382 
-0.139646 -0.95342 0.267374 -0.177867 
-0.164734 0.288626 0.943164 -0.886939 
0 0 0 1 
-0.917677 0.255633 -0.304171 0.325447 
-0.306132 -0.942913 0.131145 -0.167028 
-0.253282 0.213465 0.943547 -1.1859 
0 0 0 1 
-0.933074 0.295282 -0.205379 0.406955 
-0.337068 -0.917121 0.212779 -0.220378 
-0.125528 0.267766 0.955272 -1.08808 
0 0 0 1 
-0.958329 0.205832 -0.198086 0.220001 
-0.243559 -0.951083 0.190051 -0.237213 
-0.149278 0.230377 0.961583 -1.19759 
0 0 0 1 
