每幅图像的标定误差：
第1幅图像的平均误差：0.0444013像素
第2幅图像的平均误差：0.0607101像素
第3幅图像的平均误差：0.099591像素
第4幅图像的平均误差：0.0566505像素
第5幅图像的平均误差：0.0694241像素
第6幅图像的平均误差：0.0425587像素
第7幅图像的平均误差：0.0660162像素
第8幅图像的平均误差：0.0607459像素
第9幅图像的平均误差：0.0699025像素
第10幅图像的平均误差：0.108像素
第11幅图像的平均误差：0.0823446像素
第12幅图像的平均误差：0.0503891像素
第13幅图像的平均误差：0.0549492像素
第14幅图像的平均误差：0.0543862像素
第15幅图像的平均误差：0.0554185像素
第16幅图像的平均误差：0.0443661像素
第17幅图像的平均误差：0.0899844像素
第18幅图像的平均误差：0.0924455像素
第19幅图像的平均误差：0.093709像素
第20幅图像的平均误差：0.0472498像素
第21幅图像的平均误差：0.0524498像素
第22幅图像的平均误差：0.0700127像素
第23幅图像的平均误差：0.0845406像素
第24幅图像的平均误差：0.106646像素
第25幅图像的平均误差：0.0875915像素
总体平均误差：0.0697793像素

相机内参数矩阵：
[1164.881450169942, 0, 614.1002469519065;
 0, 1164.380574239705, 455.9458904817783;
 0, 0, 1]

畸变系数：
[-0.2891808654148305, 0.2203800962619925, -0.0001150963076652628, -0.0004038443881143156, -0.1637493969089135]


第1幅图像的旋转向量：
[27.64623855113828;
 11.05312374938509;
 51.74009106560499]
第1幅图像的旋转矩阵：
[-0.5710245596247037, 0.1758279470900733, 0.8018824635365859;
 0.167175744889894, -0.9314201280931746, 0.3232782320283928;
 0.8037308147793779, 0.3186551082361378, 0.5024696004427467]
第1幅图像的平移向量：
[-2.218136786874744;
 2.09914909925701;
 -0.01736445310778154]

第2幅图像的旋转向量：
[-6.734253687992243;
 12.4732105454587;
 46.49743125876815]
第2幅图像的旋转矩阵：
[-0.06366710976533344, 0.9145678033611691, -0.3993898248444181;
 -0.991669946726812, -0.01307628930969189, 0.1281394842221993;
 0.1119697097119172, 0.4042211569339428, 0.9077819343840313]
第2幅图像的平移向量：
[-2.992205889099195;
 0.5701137303267217;
 0.151319165722144]

第3幅图像的旋转向量：
[-3.924673734015784;
 6.9798628943931;
 47.12628359171881]
第3幅图像的旋转矩阵：
[-0.7669193411872, 0.5969464161940583, -0.2355625188905509;
 -0.6395991501684313, -0.7409828186144151, 0.2045907857701738;
 -0.05241804285560012, 0.3075702175297647, 0.9500804755766111]
第3幅图像的平移向量：
[2.515949680005445;
 -1.744543241955611;
 -0.2258772666875521]

第4幅图像的旋转向量：
[-7.613951542968683;
 14.51630865494261;
 49.14380611899417]
第4幅图像的旋转矩阵：
[0.05171629730932668, -0.9880871026940609, 0.1449458591415069;
 0.9082569723536343, 0.1068801367080665, 0.4045317151327871;
 -0.4152044035937272, 0.1107272047282024, 0.9029644452410384]
第4幅图像的平移向量：
[2.641500331328679;
 -1.709361196921029;
 -0.3569779739802667]

第5幅图像的旋转向量：
[4.597049182994862;
 9.874505317308184;
 53.74030867842491]
第5幅图像的旋转矩阵：
[-0.1363074593186054, 0.9870844575170592, -0.08416977047824202;
 -0.9525303721469449, -0.1072394878861903, 0.2849308378808976;
 0.272224478457962, 0.1190124613902294, 0.9548454677915844]
第5幅图像的平移向量：
[-2.283900430456112;
 1.535617250974014;
 -0.353469227924366]

第6幅图像的旋转向量：
[27.60005129114034;
 0.9244449409237255;
 48.47992581063956]
第6幅图像的旋转矩阵：
[0.7947071819229962, 0.5977584652883934, 0.1054765953947818;
 -0.5933027963764568, 0.7282680024349951, 0.3429540908652626;
 0.1281884815881937, -0.3351276380804881, 0.9334115809131076]
第6幅图像的平移向量：
[-2.398007064847425;
 1.9987355804962;
 -0.3571812104037391]

第7幅图像的旋转向量：
[19.98902004025077;
 0.1161186898011027;
 45.79865018606188]
第7幅图像的旋转矩阵：
[0.9638159571121585, 0.2661395304544317, 0.01511790810490793;
 -0.2660594488866177, 0.9569234489044638, 0.1162320205233274;
 0.01646725460187901, -0.1160485384064812, 0.9931070265885729]
第7幅图像的平移向量：
[-2.251607065655009;
 2.240238126759916;
 -0.08451853491690756]

第8幅图像的旋转向量：
[17.61982572125956;
 6.567925865484452;
 47.75428501711681]
第8幅图像的旋转矩阵：
[0.550894346946919, -0.7882720517326627, 0.2741214894150151;
 0.8330068255170686, 0.4992268003317034, -0.2384789937762778;
 0.0511375316563485, 0.3597218012405534, 0.9316572216047851]
第8幅图像的平移向量：
[-2.249867370046455;
 2.090170484568241;
 -0.09602160987852126]

第9幅图像的旋转向量：
[2.120780192548342;
 10.25154120564251;
 49.81302098714884]
第9幅图像的旋转矩阵：
[0.805004172147158, -0.5793973476745879, 0.1275421355212517;
 0.5826755761011062, 0.8125883199003843, 0.01376209928443895;
 -0.1116129734435593, 0.06323713995053393, 0.9917376711056023]
第9幅图像的平移向量：
[-2.680110067677363;
 1.281023962071982;
 -0.3189999755573834]

第10幅图像的旋转向量：
[-9.62483264709619;
 9.108281244001947;
 56.12398640161774]
第10幅图像的旋转矩阵：
[0.452731186266774, -0.8902091072183127, 0.05061836037500769;
 0.8605284807563229, 0.4510930992525458, 0.2366553392889064;
 -0.2335063313674688, -0.06358271174075106, 0.970274204531378]
第10幅图像的平移向量：
[2.847650334024905;
 -1.270245852915596;
 0.0002208179737454983]

第11幅图像的旋转向量：
[-1.541149200725914;
 8.136558178284842;
 51.87412993931108]
第11幅图像的旋转矩阵：
[-0.6387458109395006, -0.766090645253257, 0.07147665536864695;
 0.7511843426437788, -0.6008083085470436, 0.2734071318522516;
 -0.166510877644897, 0.2283298045290823, 0.9592390880221872]
第11幅图像的平移向量：
[2.209496608217364;
 -1.995243054383847;
 -0.2152300880326157]

第12幅图像的旋转向量：
[15.93302381962395;
 8.114619272295878;
 51.63015681944005]
第12幅图像的旋转矩阵：
[-0.2194280622920344, 0.9488071684034083, 0.2271921712231069;
 -0.83336934555908, -0.3033629346249772, 0.4620243108085897;
 0.5072936618578963, -0.08795389179580559, 0.8572731499100962]
第12幅图像的平移向量：
[-2.406828566794833;
 2.090183434506221;
 -0.09297158976276175]

第13幅图像的旋转向量：
[0.484565481377536;
 10.62695129936878;
 52.59668363163651]
第13幅图像的旋转矩阵：
[-0.9675974421238056, 0.250402032509505, -0.03246555267629914;
 -0.2433642802962788, -0.8905858173235468, 0.3842274444362666;
 0.06729797226769152, 0.3796784482917867, 0.9226674692604037]
第13幅图像的平移向量：
[3.042101135329717;
 0.02375985551869001;
 0.4320517994237776]

第14幅图像的旋转向量：
[-0.4100745669415659;
 8.255615029452926;
 49.88612357610726]
第14幅图像的旋转矩阵：
[0.9551034685309632, -0.2923561897478998, 0.04801273493786087;
 0.2922372952908946, 0.9562973063686427, 0.009634576957015644;
 -0.04873117730145398, 0.004829093928284975, 0.9988002564129858]
第14幅图像的平移向量：
[2.893307159954756;
 0.2319988161541384;
 0.7520831656231846]

第15幅图像的旋转向量：
[1.148120969016112;
 2.871889740094477;
 46.26299893391955]
第15幅图像的旋转矩阵：
[-0.7254151937286385, -0.6830156330555937, 0.08521996074458368;
 0.6883115488974281, -0.7198502357804841, 0.0896819363149839;
 9.144432936197128e-05, 0.1237145223829759, 0.9923178465539585]
第15幅图像的平移向量：
[2.767227487219204;
 0.6182916049399816;
 0.9502567789405497]

第16幅图像的旋转向量：
[7.32496532299956;
 9.939663635801748;
 52.77677434119178]
第16幅图像的旋转矩阵：
[-0.6693933324944678, 0.7370792326436589, 0.09288041352936394;
 -0.6527956779304048, -0.6432648358020964, 0.4000851832996131;
 0.3546411838567736, 0.2071824216142306, 0.9117593294761118]
第16幅图像的平移向量：
[-3.085934931859939;
 0.1737955998595684;
 0.4355233572711946]

第17幅图像的旋转向量：
[-13.64802623233549;
 8.937391123506899;
 54.26532936405854]
第17幅图像的旋转矩阵：
[0.9936819283501866, -0.110984998610496, 0.01668997764177041;
 0.1104754016999066, 0.9934596875649383, 0.02886234229267504;
 -0.01978410699270724, -0.02683615596175143, 0.9994440503818599]
第17幅图像的平移向量：
[-2.963277224761322;
 0.1791929364324522;
 0.9276413125806351]

第18幅图像的旋转向量：
[-17.65432388900909;
 7.526375757393349;
 53.16623002111238]
第18幅图像的旋转矩阵：
[0.9997268060775542, 0.02312984344965601, -0.003365048583134801;
 -0.0231550230617749, 0.9997026419391494, -0.007646738317314516;
 0.003187180098633452, 0.007722567052426184, 0.9999651013116106]
第18幅图像的平移向量：
[3.107643677568024;
 -0.01308214383177972;
 -0.3640682350914586]

第19幅图像的旋转向量：
[-23.96100956140163;
 1.552996373805497;
 51.63392944404406]
第19幅图像的旋转矩阵：
[0.9365662789335057, -0.3499800021287394, -0.01891040122827239;
 0.3482108601561043, 0.9229756629870488, 0.1639058339503619;
 -0.03990992400384467, -0.1600934840759773, 0.9862947198086494]
第19幅图像的平移向量：
[3.085505947667994;
 0.6314857421527302;
 -0.02405674742631815]

第20幅图像的旋转向量：
[-11.94760926432162;
 8.95777426569666;
 51.13218997790128]
第20幅图像的旋转矩阵：
[-0.8902264895699519, -0.2080682277257101, -0.4052214331437103;
 0.05792433123666765, -0.9340696570516607, 0.3523615297193747;
 -0.4518202840939584, 0.2902093871439638, 0.8435857647535192]
第20幅图像的平移向量：
[-3.024759282994286;
 -0.4761858324230653;
 -0.3179750380654637]

第21幅图像的旋转向量：
[0.3614925351493621;
 7.670001749583053;
 46.2426108532101]
第21幅图像的旋转矩阵：
[-0.9692609810949312, -0.2397709510840886, 0.05516377020403028;
 0.2447409569275176, -0.9166523185898507, 0.3159911246001283;
 -0.02519949461982142, 0.3197787013546751, 0.9471570976510831]
第21幅图像的平移向量：
[2.953981220676517;
 0.5875085415564603;
 0.5451782769243338]

第22幅图像的旋转向量：
[1.938331912563488;
 10.63830069474902;
 40.72851455006256]
第22幅图像的旋转矩阵：
[-0.2659178639468394, 0.9457282049863452, -0.1867775466357127;
 -0.9162652835713722, -0.1877501388926214, 0.3538471639955233;
 0.299575732922117, 0.2652320637462731, 0.9164640378133067]
第22幅图像的平移向量：
[-3.074253219484088;
 -0.219872121078478;
 -0.009412943496860872]

第23幅图像的旋转向量：
[-9.441631946730118;
 11.52477717910218;
 42.56837629357668]
第23幅图像的旋转矩阵：
[0.4621849078633813, -0.8788116810623221, 0.1186386959289972;
 0.818632236039079, 0.4742625507342949, 0.3239078496866941;
 -0.3409198924395223, -0.05258385873455532, 0.9386205648394931]
第23幅图像的平移向量：
[-2.93987514709425;
 0.6121667309925556;
 0.3849956795306527]

第24幅图像的旋转向量：
[-18.65403342880952;
 8.819739114468511;
 42.05581412835492]
第24幅图像的旋转矩阵：
[-0.6503453721005046, -0.3942087203625959, -0.649346118628225;
 0.1001128801924353, -0.8918313377693599, 0.4411510809145651;
 -0.7530128207454581, 0.2218926536922723, 0.6194637536049793]
第24幅图像的平移向量：
[3.013023870668406;
 0.05606708793965755;
 -0.3419476899963574]

第25幅图像的旋转向量：
[-11.42654469832114;
 8.442991990696834;
 40.04890055529584]
第25幅图像的旋转矩阵：
[0.149018184490292, 0.8902181633160727, -0.4304709077201093;
 -0.988233782398276, 0.1189036990719153, -0.09620759675728324;
 -0.03446116681155589, 0.4397425747516074, 0.8974624760583656]
第25幅图像的平移向量：
[3.083765801271249;
 0.05029025613073141;
 0.4648939900758053]


